 
Start.

Calibrating accelerometer...
Your xoffset: 146
Your yoffset: 267
Turn the potentiometer clockwise to increase the front-to-back gain from 0 to 50.
Press # when you are finished.
Your gain is currently: 50   
You selected 50 as your front-to-back gain.
Select a side-to-side gain (0 to 50) by inputing 5 digits. Press # to confirm.
50
You selected 50 as your side-to-side gain
Select a steering gain (0 to 100) by inputing 5 digits. Press # to confirm.
100
You selected 100 as your steering gain
Select a integral gain (0 to 100) by inputing 5 digits. Press # to confirm.
100
You selected 100 as your integral gain
1656,-516,50,2895,2765
1656,-518,50,2895,2745
1716,-578,50,2563,2163
1684,-643,50,2551,2027
1653,-643,50,2558,2027
1588,-773,50,2564,2027
1684,-934,50,2577,2027
1305,-997,50,2558,2027
1269,-4899,50,2634,2027
1747,-1988,50,2641,2027
3283,476,50,2545,2765
1715,-1667,50,2425,2765
1815,-1382,50,2552,2027
1907,-1542,50,2532,2027
1846,-1665,50,2513,2027
1842,-2016,50,2525,2027
1778,-2371,50,2526,2027
1877,-4194,50,2539,2027
2197,-1796,50,2519,2027
2357,-353,50,2455,2765
1141,-2723,50,2425,2765
1432,-2372,50,2666,2027
1398,-2180,50,2608,2027
1399,-2150,50,2615,2027
1367,-2338,50,2615,2027
1334,-2178,50,2621,2027
1333,-2660,50,2628,2027
1300,-2308,50,2628,2027
407,-2629,50,2608,2027
1685,-1826,50,2813,2027
886,-1411,50,2558,2027
242,-3045,50,2717,2027
18,-2885,50,2846,2027
-75,-3107,50,2891,2027
820,-2691,50,2910,2027
-138,-867,50,2731,2027
213,-134,50,2922,2765
85,-2725,50,2852,2751

Your maximum slope was: 4899 
Start.

Calibrating accelerometer...
Your xoffset: 441
Your yoffset: 277
Turn the potentiometer clockwise to increase the front-to-back gain from 0 to 50.
Press # when you are finished.
Your gain is currently: 35   
You selected 35 as your front-to-back gain.
Select a side-to-side gain (0 to 50) by inputing 5 digits. Press # to confirm.
40
You selected 40 as your side-to-side gain
Select a steering gain (0 to 100) by inputing 5 digits. Press # to confirm.
90
You selected 90 as your steering gain
Select a integral gain (0 to 100) by inputing 5 digits. Press # to confirm.
90
You selected 90 as your integral gain
1261,-781,35,2895,2765
1292,-780,35,2895,2745
1232,-782,35,2662,2360
1200,-752,35,2673,2090
1199,-877,35,2679,2027
1133,-1391,35,2679,2027
1550,-1199,36,2691,2027
1679,-144,36,2616,2027
1841,116,36,2592,2765
1616,-1935,35,2563,2473
1709,-2348,35,2604,2027
1902,-1133,36,2587,2027
2541,371,36,2552,2765
1104,-2448,35,2437,2765
1454,-1905,35,2696,2027
1424,-2062,35,2633,2027
1422,-1994,35,2638,2027
1453,-2062,35,2639,2027
1518,-2126,35,2633,2027
1615,-2891,35,2621,2027
1452,-2541,36,2604,2027
1038,-3787,36,2633,2027
1006,-2255,36,2708,2027
1583,-302,36,2713,2765
910,-3055,35,2610,2765
975,-2285,35,2731,2027
1038,-2446,35,2719,2027
1067,-2287,35,2708,2027
1036,-2348,35,2702,2027
943,-2509,35,2708,2027
944,-2543,36,2725,2027
1006,-3405,36,2725,2027
719,-1070,36,2713,2027
688,-524,36,2765,2765
497,-2285,35,2771,2507
367,-3375,35,2805,2065
49,-2764,36,2828,2027
558,-2732,36,2886,2027
779,-2092,36,2794,2027
-15,-1007,36,2754,2027
494,-654,36,2897,2765
173,-2767,35,2806,2627
267,-2348,35,2863,2031
207,-2382,35,2846,2027
141,-1806,35,2857,2027
365,-2864,35,2869,2027
111,-2705,36,2829,2027
430,-2864,36,2875,2027
-83,-2031,36,2817,2027
205,-2477,36,2909,2027
684,-1166,36,2858,2027
209,1107,36,2771,2765
-17,-1614,35,2857,2765
-17,-1295,35,2898,2382
45,-1325,35,2898,2224
-17,-1325,35,2886,2042
74,-1228,35,2898,2027
110,-2126,35,2909,2027
-917,-3795,36,2875,2027
80,436,36,3060,2027
-434,2355,36,2880,2765
-242,-46,35,2973,2765
-241,17,35,2938,2761

Your maximum slope was: 3795 
Start.

Calibrating accelerometer...
Your xoffset: 263
Your yoffset: 221
Turn the potentiometer clockwise to increase the front-to-back gain from 0 to 50.
Press # when you are finished.
Your gain is currently: 27   
You selected 27 as your front-to-back gain.
Select a side-to-side gain (0 to 50) by inputing 5 digits. Press # to confirm.
20
You selected 20 as your side-to-side gain
Select a steering gain (0 to 100) by inputing 5 digits. Press # to confirm.
70
You selected 70 as your steering gain
Select a integral gain (0 to 100) by inputing 5 digits. Press # to confirm.
80
You selected 80 as your integral gain
261,-470,27,2895,2765
259,-470,27,2895,2745
260,-470,27,2895,2725
259,-468,27,2895,2705
259,-470,27,2895,2685
291,-469,27,2895,2665
260,-470,27,2895,2645
261,-470,27,2895,2625
259,-471,27,2895,2605
259,-440,27,2895,2585
259,-469,27,2895,2565
321,-471,27,2895,2545
261,-470,27,2895,2525
260,-471,27,2895,2505
291,-500,27,2895,2485
261,-470,27,2895,2465
322,-501,27,2895,2445
353,-408,27,2895,2425
291,-501,27,2895,2405
354,-568,27,2895,2385
196,-693,27,2895,2365
192,-1270,27,2895,2345
253,-567,27,2895,2325
290,-374,27,2859,2654
257,-695,27,2854,2664
257,-694,27,2859,2567
259,-726,27,2859,2487
228,-629,27,2858,2405
319,-822,27,2863,2331
256,-1077,27,2850,2240
958,-1143,27,2859,2066
-64,-2169,27,2760,2027
928,-2195,27,2903,2027
-929,-886,27,2765,2027
129,-534,27,3025,2765
384,-2645,27,2876,2656
285,-2584,27,2841,2142
320,-2808,27,2855,2027
479,-2199,27,2850,2027
543,-2071,27,2827,2027
831,-824,27,2818,2027
448,-982,27,2778,2765
288,-2293,27,2832,2631
288,-2134,27,2854,2241
349,-2041,27,2854,2027
351,-2133,27,2846,2027
288,-2199,27,2845,2027
224,-2325,27,2854,2027
543,-2485,27,2863,2027
383,-1527,27,2818,2027
382,-2165,27,2841,2027
-480,-2838,27,2841,2027
-33,-2487,27,2962,2027
639,-2839,27,2899,2027
-925,-3159,27,2805,2027
-161,-2388,27,3024,2027
-63,-1976,27,2917,2027
-157,-1525,27,2903,2027
-349,1833,27,2916,2027
34,648,27,2943,2765
35,-436,27,2890,2879
34,-311,27,2890,2741
34,-180,27,2890,2748
65,-248,27,2890,2755

Your maximum slope was: 3159

 
Start.

Calibrating accelerometer...
Your xoffset: 77
Your yoffset: 240
Turn the potentiometer clockwise to increase the front-to-back gain from 0 to 50.
Press # when you are finished.
Your gain is currently: 15   
You selected 15 as your front-to-back gain.
Select a side-to-side gain (0 to 50) by inputing 5 digits. Press # to confirm.
10
You selected 10 as your side-to-side gain
Select a steering gain (0 to 100) by inputing 5 digits. Press # to confirm.
50
You selected 50 as your steering gain
Select a integral gain (0 to 100) by inputing 5 digits. Press # to confirm.
55
You selected 55 as your integral gain
188,-300,15,2895,2765
189,-238,15,2895,2745
189,-268,15,2895,2725
187,-299,15,2895,2705
189,-268,15,2895,2685
190,-298,15,2895,2665
220,-390,15,2895,2645
220,-299,15,2895,2625
188,-268,15,2895,2605
188,-328,15,2895,2585
190,-392,15,2895,2565
188,-299,15,2895,2545
189,-331,15,2895,2525
220,-391,15,2895,2505
190,-358,15,2895,2485
189,-329,15,2895,2465
188,-265,15,2895,2445
220,-519,15,2895,2425
250,-490,15,2895,2405
250,-394,15,2895,2385
186,-330,15,2895,2365
154,-487,15,2895,2345
120,-619,15,2895,2325
90,-648,15,2895,2305
313,-425,15,2895,2285
-164,-1289,15,2895,2265
252,-1354,15,2895,2245
-5,-521,16,2869,2614
187,-1224,15,2895,2583
185,-1193,15,2876,2453
185,-1192,15,2876,2344
219,-1544,15,2876,2234
123,-2218,15,2873,2058
-391,-2055,16,2882,2027
698,-2091,16,2934,2027
-519,-2186,15,2825,2027
122,-2666,16,2946,2027
152,-2412,16,2882,2027
699,-2441,16,2879,2027
826,-2122,16,2825,2027
-196,-2347,16,2812,2027
314,-3240,16,2914,2027
283,-1737,16,2863,2027
791,-1322,16,2866,2765
506,-2344,15,2815,2547
537,-2313,15,2844,2244
633,-3272,16,2841,2027
90,-3850,16,2831,2027
280,-3081,16,2886,2027
570,-2567,16,2867,2027
826,-2823,16,2838,2027
279,-3528,16,2812,2027
699,-3081,16,2867,2027
-7,-2406,16,2825,2027
-1031,-2058,16,2895,2027
-518,-6,16,2998,2027
-932,1910,16,2946,2765
60,-44,15,2988,2765
27,-43,15,2889,2763

Your maximum slope was: 3850 
Start.

Calibrating accelerometer...
Your xoffset: 22
Your yoffset: 253
Turn the potentiometer clockwise to increase the front-to-back gain from 0 to 50.
Press # when you are finished.
Your gain is currently: 37   
You selected 37 as your front-to-back gain.
Select a side-to-side gain (0 to 50) by inputing 5 digits. Press # to confirm.
17
You selected 17 as your side-to-side gain
Select a steering gain (0 to 100) by inputing 5 digits. Press # to confirm.
29
You selected 29 as your steering gain
Select a integral gain (0 to 100) by inputing 5 digits. Press # to confirm.
61
You selected 61 as your integral gain
499,-249,37,2895,2765
499,-280,37,2895,2725
498,-250,37,2895,2705
499,-249,37,2895,2685
498,-249,37,2895,2665
529,-312,37,2895,2645
499,-280,37,2895,2625
498,-310,37,2895,2605
498,-310,37,2895,2585
498,-341,37,2895,2565
499,-280,37,2895,2545
499,-340,37,2895,2525
502,-342,37,2895,2505
500,-374,37,2895,2485
501,-310,37,2895,2465
500,-434,37,2895,2445
528,-247,37,2895,2425
500,-372,37,2895,2405
498,-534,37,2895,2385
430,-629,37,2895,2365
625,-184,37,2895,2345
529,-566,37,2895,2325
561,-821,37,2895,2305
818,-825,37,2895,2285
786,-948,37,2895,2265
912,-597,37,2849,2555
849,-983,37,2842,2459
818,-1013,37,2845,2309
1459,-2487,37,2847,2124
785,-1269,37,2810,2027
688,-181,37,2849,2765
978,-2356,37,2855,2765
978,-1652,37,2838,2268
1004,-1747,37,2838,2076
914,-1751,37,2836,2027
914,-1622,37,2841,2027
883,-1908,37,2841,2027
1071,-2293,37,2843,2027
1171,-1970,37,2832,2027
1266,-1493,37,2827,2027
1487,-2613,38,2821,2027
1393,-1688,37,2808,2027
1137,-2741,37,2814,2027
1332,-1588,37,2829,2027
1074,-120,37,2817,2765
944,-2709,37,2832,2765
944,-2133,37,2840,2181
974,-2104,37,2840,2027
974,-2166,37,2838,2027
820,-2230,37,2838,2027
914,-2197,37,2847,2027
1042,-2418,37,2841,2027
1104,-1973,38,2832,2027
1101,-1876,37,2830,2027
1106,-2549,37,2831,2027
1520,-2357,37,2830,2027
945,-2325,37,2806,2027
1138,-2776,37,2840,2027
464,-3124,37,2828,2027
1362,-3191,37,2868,2027
303,-2935,37,2816,2027
209,-3795,37,2877,2027
1042,3080,37,2882,2027
338,1448,37,2834,2765
497,-21,37,2875,2994
370,-1111,37,2866,2824
433,-471,37,2873,2621
526,-566,37,2869,2669
369,-855,37,2864,2523
464,-472,37,2873,2457
462,-469,37,2868,2486
401,-501,37,2868,2486
462,-630,37,2871,2422
497,-568,37,2868,2352
179,-311,37,2866,2295
207,-86,37,2884,2314
467,-116,37,2882,2331

Your maximum slope was: 3795 
Start.

Calibrating accelerometer...
Your xoffset: 528
Your yoffset: 274
Turn the potentiometer clockwise to increase the front-to-back gain from 0 to 50.
Press # when you are finished.
Your gain is currently: 44   
You selected 44 as your front-to-back gain.
Select a side-to-side gain (0 to 50) by inputing 5 digits. Press # to confirm.
5
You selected 15 as your side-to-side gain
Select a steering gain (0 to 100) by inputing 5 digits. Press # to confirm.
73
You selected 73 as your steering gain
Select a integral gain (0 to 100) by inputing 5 digits. Press # to confirm.
88
You selected 88 as your integral gain
-775,-302,44,2895,2745
-715,-329,43,3008,2635
-744,-303,43,2999,2545
-774,-428,43,3003,2459
-681,-617,44,3008,2361
-295,-1226,44,2994,2167
-1447,-3852,44,2938,2027
-1771,-265,44,3106,2027
-1450,756,44,3153,2765
-1159,-1513,43,3106,2765
-969,-2475,43,3064,2164
-1318,-1418,44,3036,2027
-1449,438,44,3087,2765
-1000,-2090,43,3106,2765
-973,-1549,43,3041,2027
-1160,-1674,43,3037,2027
-1126,-1517,43,3064,2027
-1034,-1705,43,3059,2027
-1064,-1706,44,3045,2027
-1159,-2283,44,3050,2027
-460,-3245,44,3064,2027
-1673,-2254,44,2962,2027
-776,-1933,44,3139,2027
-490,-2732,44,3008,2027
-906,-2540,44,2966,2027
-617,-3178,44,3027,2027
-649,-2123,44,2985,2027
-428,-395,44,2989,2765
-72,-2410,43,2957,2765
-292,-2157,43,2905,2205
-394,-2572,44,2937,2027
-553,-1545,44,2952,2027
-457,-1193,44,2975,2765
-265,-2030,43,2961,2484
-266,-2057,43,2933,2062
-299,-2057,43,2933,2027
-298,-2029,44,2938,2027
-234,-2123,44,2938,2027
-264,-2221,44,2929,2027
-586,-2124,44,2942,2027
-141,-2253,44,2980,2027
182,-1899,44,2915,2027
-6,-3240,44,2868,2027
664,-2700,44,2895,2027
-523,-2411,44,2798,2027
117,-3085,44,2971,2027
54,-2893,44,2877,2027
151,-1450,44,2887,2027
470,1076,44,2872,2765
55,-1096,43,2826,2765
53,-815,43,2886,2494
-9,-814,44,2887,2430
55,-1002,43,2896,2341
151,-1260,44,2886,2150
-426,306,44,2872,2027
-266,1140,44,2957,2765
150,308,43,2933,3041
20,-396,44,2873,2967
53,-393,43,2892,2818
-10,-138,43,2887,2731
-40,51,43,2896,2753

Your maximum slope was: 3852